10000,10100,,10100,538
10000,5000,,5000,117
10000,5200,,5200,118
10000,5500,,5500,119
10000,5800,,5800,120
10000,6000,,6000,530
10000,6100,,6100,556
10000,6600,,6600,121
10000,6700,,6700,123
10000,7100,,7100,124
10000,7600,,7600,125
10000,8100,,8100,126
10000,8200,,8200,127
10000,9100,,9100,128
10250,5300,,5300,545
10250,6800,,6800,129
10250,6900,,6900,130
10250,7100,,7100,131
10500,10100,,10100,535
10500,5100,,5100,132
10500,5500,,5500,133
10500,5600,,5600,134
10500,5900,,5900,135
10500,6100,,6100,136
10500,6300,,6300,137
10500,6600,,6600,138
10500,7100,,7100,139
10500,8200,,8200,140
10750,5300,,5300,141
10750,6400,,6400,142
10750,6500,,6500,143
10750,6600,,6600,144
10750,6800,,6800,145
10750,7100,,7100,146
10750,7300,,7300,147
11000,5000,,5000,148
11000,5300,,5300,149
11000,5500,,5500,150
11000,5900,,5900,571
11000,6000,,6000,546
11000,6100,,6100,151
11000,6600,,6600,152
11000,6700,,6700,153
11000,7000,,7000,572
11000,7100,,7100,154
11000,7300,,7300,155
11000,7500,,7500,156
11000,7600,,7600,157
11000,8000,,8000,657
11000,8100,,8100,158
11000,8200,,8200,159
11000,8400,,8400,578
11000,9100,,9100,531
11250,5500,,5500,160
11250,6100,,6100,161
11250,7300,,7300,162
11250,7500,,7500,163
11500,5500,,5500,590
11500,6100,,6100,164
11500,6200,,6200,165
11500,6400,,6400,166
11500,6800,,6800,167
11500,7100,,7100,168
11500,7600,,7600,169
11500,8100,,8100,170
11500,9000,,9000,616
11750,6800,,6800,591
11750,7100,,7100,171
11750,7900,,7900,172
12000,10000,,10000,615
12000,5300,,5300,173
12000,5500,,5500,174
12000,6000,,6000,175
12000,6100,,6100,176
12000,6600,,6600,177
12000,6700,,6700,178
12000,6800,,6800,179
12000,7100,,7100,180
12000,7300,,7300,181
12000,7600,,7600,182
12000,8000,,8000,633
12000,8100,,8100,183
12000,8200,,8200,184
12000,8500,,8500,580
12000,8600,,8600,185
12000,9100,,9100,557
12250,6300,,6300,586
12250,6800,,6800,186
12250,6900,,6900,187
12250,7100,,7100,188
12250,7200,,7200,189
12250,7300,,7300,190
12250,7400,,7400,191
12250,7500,,7500,192
12250,7600,,7600,193
12250,7800,,7800,194
12250,8100,,8100,195
12250,8300,,8300,196
12250,9100,,9100,197
1250,1200,,1200,553
12500,4300,,4300,198
12500,6100,,6100,199
12500,6600,,6600,200
12500,6800,,6800,201
12500,6900,,6900,202
12500,7100,,7100,203
12500,7200,,7200,204
12500,7300,,7300,205
12500,7400,,7400,206
12500,7500,,7500,207
12500,7600,,7600,208
12500,7800,,7800,209
12500,7900,,7900,210
12500,8000,,8000,211
12500,8100,,8100,213
12500,8200,,8200,214
12500,8300,,8300,215
12500,8400,,8400,216
12500,8500,,8500,217
12500,8600,,8600,218
12500,8700,,8700,219
12500,8900,,8900,220
12500,9100,,9100,221
12750,6100,,6100,222
12750,6600,,6600,223
12750,6800,,6800,224
12750,7100,,7100,225
12750,7200,,7200,226
12750,7600,,7600,227
12750,7800,,7800,228
12750,7900,,7900,229
12750,8100,,8100,230
12750,8500,,8500,231
12750,8600,,8600,232
12750,8800,,8800,233
12750,9100,,9100,234
13000,10000,,10000,252
13000,10100,,10100,253
13000,6100,,6100,235
13000,6600,,6600,236
13000,6800,,6800,237
13000,6900,,6900,238
13000,7000,,7000,239
13000,7100,,7100,240
13000,7200,,7200,241
13000,7300,,7300,558
13000,7600,,7600,242
13000,7700,,7700,244
13000,8000,,8000,245
13000,8100,,8100,246
13000,8200,,8200,247
13000,8500,,8500,248
13000,8600,,8600,249
13000,8700,,8700,250
13000,9000,,9000,637
13000,9100,,9100,251
13250,7100,,7100,254
13250,7300,,7300,255
13250,7800,,7800,256
13250,7900,,7900,257
13250,8100,,8100,258
13250,8200,,8200,259
13250,8400,,8400,260
13250,8600,,8600,261
13250,8800,,8800,262
13250,8900,,8900,263
13250,9100,,9100,264
13500,6000,,6000,579
13500,6600,,6600,265
13500,7000,,7000,266
13500,7100,,7100,267
13500,7400,,7400,268
13500,7600,,7600,269
13500,7800,,7800,559
13500,8100,,8100,270
13500,8200,,8200,271
13500,8300,,8300,272
13500,8600,,8600,273
13500,8700,,8700,274
13500,9000,,9000,275
13500,9100,,9100,276
13750,7300,,7300,277
13750,7500,,7500,278
13750,7800,,7800,279
13750,8000,,8000,280
13750,8100,,8100,281
13750,8300,,8300,282
13750,8500,,8500,283
13750,8700,,8700,284
13750,9100,,9100,285
13750,9400,,9400,286
14000,10100,,10100,300
14000,6000,,6000,573
14000,6100,,6100,287
14000,7100,,7100,288
14000,7600,,7600,289
14000,8000,,8000,290
14000,8100,,8100,291
14000,8300,,8300,292
14000,8500,,8500,293
14000,8600,,8600,294
14000,8700,,8700,295
14000,8800,,8800,296
14000,9000,,9000,649
14000,9100,,9100,297
14000,9200,,9200,652
14000,9400,,9400,298
14000,9500,,9500,299
14250,10100,,10100,540
14250,7600,,7600,301
14250,7800,,7800,539
14250,8100,,8100,302
14250,8200,,8200,303
14250,8500,,8500,304
14250,8600,,8600,305
14250,9000,,9000,671
14250,9100,,9100,306
14500,7100,,7100,307
14500,7600,,7600,308
14500,8100,,8100,309
14500,8200,,8200,310
14500,8300,,8300,311
14500,8500,,8500,312
14500,8600,,8600,313
14500,8700,,8700,314
14500,8800,,8800,315
14500,9000,,9000,646
14500,9100,,9100,316
14500,9300,,9300,317
14750,6800,,6800,318
14750,7100,,7100,319
14750,8100,,8100,320
14750,8200,,8200,321
14750,8600,,8600,322
14750,8700,,8700,323
14750,8900,,8900,324
14750,9100,,9100,325
14750,9400,,9400,326
15000,10000,,10000,672
15000,10100,,10100,336
15000,12200,,12200,337
15000,6000,,6000,618
15000,7100,,7100,327
15000,7500,,7500,328
15000,7600,,7600,329
15000,8100,,8100,330
15000,8400,,8400,331
15000,8500,,8500,332
15000,8900,,8900,333
15000,9000,,9000,668
15000,9100,,9100,334
15000,9400,,9400,335
15250,10100,,10100,350
15250,11100,,11100,351
15250,5000,,5000,338
15250,6000,,6000,243
15250,6600,,6600,339
15250,6900,,6900,340
15250,7100,,7100,341
15250,7600,,7600,342
15250,7900,,7900,343
15250,8100,,8100,344
15250,8500,,8500,345
15250,8600,,8600,346
15250,8800,,8800,347
15250,9000,,9000,640
15250,9100,,9100,348
15250,9600,,9600,349
15500,10000,,10000,560
15500,10100,,10100,359
15500,11000,,11000,670
15500,5100,,5100,352
15500,6100,,6100,353
15500,7600,,7600,354
15500,8100,,8100,355
15500,8500,,8500,356
15500,9000,,9000,601
15500,9100,,9100,357
15500,9400,,9400,358
15750,10000,,10000,675
15750,10100,,10100,367
15750,11100,,11100,368
15750,6600,,6600,360
15750,7600,,7600,361
15750,8100,,8100,362
15750,8600,,8600,363
15750,8700,,8700,364
15750,9000,,9000,642
15750,9100,,9100,365
15750,9400,,9400,366
16000,10000,,10000,587
16000,10100,,10100,541
16000,6300,,6300,582
16000,7500,,7500,561
16000,8000,,8000,369
16000,8100,,8100,370
16000,8200,,8200,651
16000,8500,,8500,371
16000,9000,,9000,634
16000,9100,,9100,372
16250,10000,,10000,380
16250,10100,,10100,381
16250,12200,,12200,382
16250,6100,,6100,373
16250,6600,,6600,374
16250,7100,,7100,375
16250,7600,,7600,376
16250,8100,,8100,377
16250,8600,,8600,378
16250,9000,,9000,663
16250,9100,,9100,379
16250,9500,,9500,562
16500,10000,,10000,674
16500,10100,,10100,387
16500,6500,,6500,673
16500,7100,,7100,583
16500,7800,,7800,383
16500,8000,,8000,594
16500,8500,,8500,384
16500,8900,,8900,547
16500,9000,,9000,664
16500,9100,,9100,385
16500,9400,,9400,386
16750,10000,,10000,647
16750,10100,,10100,394
16750,11100,,11100,395
16750,5500,,5500,388
16750,6800,,6800,389
16750,8100,,8100,390
16750,8200,,8200,391
16750,8500,,8500,392
16750,9000,,9000,638
16750,9100,,9100,393
17000,10100,,10100,402
17000,11300,,11300,403
17000,7100,,7100,396
17000,8000,,8000,614
17000,8300,,8300,397
17000,8500,,8500,398
17000,8700,,8700,399
17000,9000,,9000,650
17000,9100,,9100,400
17000,9400,,9400,401
17250,10000,,10000,665
17250,10100,,10100,409
17250,11100,,11100,410
17250,7600,,7600,563
17250,7800,,7800,548
17250,8100,,8100,404
17250,8600,,8600,405
17250,9000,,9000,669
17250,9100,,9100,406
17250,9400,,9400,407
17250,9600,,9600,408
1750,1000,,1000,544
1750,800,,800,577
17500,10100,,10100,417
17500,8000,,8000,564
17500,8100,,8100,411
17500,8300,,8300,412
17500,8400,,8400,413
17500,8500,,8500,414
17500,9000,,9000,662
17500,9100,,9100,415
17500,9400,,9400,416
17750,10000,,10000,666
17750,10100,,10100,423
17750,11100,,11100,424
17750,12200,,12200,425
17750,7600,,7600,418
17750,8100,,8100,419
17750,8600,,8600,584
17750,9100,,9100,420
17750,9200,,9200,421
17750,9600,,9600,422
18000,10000,,10000,608
18000,10100,,10100,430
18000,12200,,12200,431
18000,8000,,8000,574
18000,8100,,8100,426
18000,8200,,8200,621
18000,8500,,8500,427
18000,9000,,9000,607
18000,9100,,9100,565
18000,9200,,9200,575
18000,9400,,9400,428
18000,9600,,9600,429
18250,10000,,10000,660
18250,10100,,10100,439
18250,11100,,11100,440
18250,6100,,6100,432
18250,8100,,8100,433
18250,8700,,8700,434
18250,8800,,8800,435
18250,9100,,9100,436
18250,9400,,9400,437
18250,9600,,9600,438
18500,10000,,10000,588
18500,10100,,10100,444
18500,12000,,12000,624
18500,12200,,12200,445
18500,8500,,8500,441
18500,9100,,9100,442
18500,9400,,9400,443
18650,9000,,9000,606
18750,10100,,10100,449
18750,7500,,7500,446
18750,9100,,9100,212
18750,9400,,9400,447
18750,9600,,9600,448
19000,10000,,10000,609
19000,10100,,10100,454
19000,11100,,11100,455
19000,12200,,12200,456
19000,9000,,9000,600
19000,9100,,9100,450
19000,9400,,9400,451
19000,9500,,9500,452
19000,9600,,9600,453
19250,10000,,10000,566
19250,10100,,10100,461
19250,11100,,11100,462
19250,12200,,12200,463
19250,7100,,7100,457
19250,8100,,8100,458
19250,9100,,9100,459
19250,9600,,9600,460
19500,10100,,10100,466
19500,11100,,11100,467
19500,8200,,8200,611
19500,9000,,9000,604
19500,9400,,9400,464
19500,9600,,9600,465
19750,10100,,10100,470
19750,11100,,11100,471
19750,12200,,12200,472
19750,8100,,8100,468
19750,9100,,9100,589
19750,9600,,9600,469
2000,1100,,1100,528
2000,1300,,1300,529
20000,10000,,10000,475
20000,10100,,10100,476
20000,10500,,10500,655
20000,10600,,10600,477
20000,11100,,11100,478
20000,8200,,8200,610
20000,9000,,9000,605
20000,9100,,9100,473
20000,9600,,9600,474
20250,10000,,10000,667
20250,10100,,10100,481
20250,10600,,10600,482
20250,11100,,11100,483
20250,12200,,12200,484
20250,13200,,13200,485
20250,13400,,13400,486
20250,13700,,13700,487
20250,8100,,8100,479
20250,9100,,9100,480
20500,10000,,10000,612
20500,10100,,10100,543
20500,10200,,10200,635
20500,11100,,11100,542
20750,10000,,10000,629
20750,11100,,11100,567
20750,8700,,8700,549
21000,10000,,10000,654
21000,10100,,10100,568
21000,10500,,10500,585
21000,11000,,11000,628
21000,9000,,9000,602
21250,10100,,10100,122
21250,9100,,9100,550
21500,10100,,10100,532
21500,12100,,12100,533
21500,9400,,9400,569
21750,10100,,10100,488
21750,10200,,10200,648
21750,13400,,13400,489
22000,10000,,10000,490
22000,10100,,10100,094
22000,11000,,11000,595
22000,11500,,11500,656
22000,11600,,11600,632
22000,12000,,12000,653
22000,8200,,8200,676
22000,9000,,9000,627
22250,10100,,10100,493
22250,11100,,11100,494
22250,8100,,8100,491
22250,9100,,9100,492
2250,1100,,1100,644
2250,1200,,1200,001
23000,10000,,10000,622
23000,8000,,8000,626
23000,8200,,8200,645
23000,9000,,9000,596
23250,10100,,10100,534
23500,9000,,9000,619
23750,15200,,15200,495
24000,10000,,10000,620
24000,8200,,8200,641
24000,8400,,8400,639
24000,9000,,9000,597
24250,10100,,10100,498
24250,11100,,11100,499
24250,8100,,8100,496
24250,9100,,9100,497
24500,10100,,10100,581
2500,800,,800,593
25000,10000,,10000,599
25000,10100,,10100,505
25000,11000,,11000,506
25000,11100,,11100,507
25000,11600,,11600,508
25000,12200,,12200,509
25000,15000,,15000,510
25000,15200,,15200,511
25000,7600,,7600,500
25000,8500,,8500,501
25000,8700,,8700,502
25000,9000,,9000,636
25000,9100,,9100,503
25000,9400,,9400,504
25250,9100,,9100,512
25750,15200,,15200,513
26000,9000,,9000,603
26250,15200,,15200,515
26250,9100,,9100,514
27000,9100,,9100,516
27250,14200,,14200,517
27250,15200,,15200,518
27250,18200,,18200,519
27250,19900,,19900,520
2750,1500,,1500,002
2750,2000,,2000,003
27500,16200,,16200,522
27500,9100,,9100,521
28000,10000,,10000,658
28250,15200,,15200,523
3000,2000,,2000,004
3250,2000,,2000,005
3250,2600,,2600,006
32500,18200,,18200,524
32500,19900,,19900,525
32500,20300,,20300,526
3500,1800,,1800,617
3500,2800,,2800,007
3500,2900,,2900,008
3500,3000,,3000,630
35000,21000,,21000,576
3750,1800,,1800,009
3750,2200,,2200,625
3750,3000,,3000,010
3750,3200,,3200,011
4000,2600,,2600,012
4000,3000,,3000,613
4000,3500,,3500,551
4250,2500,,2500,013
4250,3500,,3500,014
4250,3600,,3600,015
44500,24300,,24300,527
4500,2500,,2500,016
4500,2900,,2900,017
4500,3000,,3000,018
4500,3100,,3100,019
4500,3300,,3300,020
4500,3800,,3800,021
4750,2800,,2800,022
4750,3300,,3300,023
5000,3500,,3500,677
5000,3600,,3600,024
5250,2400,,2400,025
5250,3300,,3300,026
5250,3500,,3500,027
5250,4000,,4000,028
5250,5300,,5300,592
5500,3000,,3000,029
5500,3300,,3300,030
5500,3400,,3400,031
5500,3500,,3500,032
5750,2300,,2300,033
6000,2800,,2800,034
6000,3000,,3000,035
6000,3700,,3700,036
6000,4000,,4000,037
6000,5000,,5000,631
6250,3700,,3700,038
6250,3800,,3800,039
6250,4100,,4100,040
6250,6100,,6100,536
6500,3500,,3500,041
6500,3800,,3800,042
6500,3900,,3900,043
6500,4000,,4000,044
6500,4300,,4300,045
6500,5000,,5000,046
6500,5500,,5500,661
6500,6300,,6300,537
6750,3800,,3800,047
7000,4000,,4000,048
7000,4100,,4100,049
7000,4400,,4400,050
7000,4600,,4600,051
7000,5000,,5000,052
7000,5500,,5500,598
7000,6100,,6100,053
7250,4300,,4300,054
7500,3500,,3500,055
7500,3600,,3600,056
7500,4000,,4000,057
7500,4500,,4500,058
7500,4600,,4600,059
7500,4800,,4800,060
7500,5000,,5000,061
7500,5300,,5300,062
7500,7700,,7700,063
7750,3700,,3700,064
7750,4500,,4500,065
7750,4700,,4700,066
7750,4800,,4800,067
7750,5000,,5000,068
7750,5800,,5800,069
8000,3000,,3000,070
8000,3700,,3700,071
8000,3900,,3900,552
8000,4500,,4500,072
8000,4800,,4800,073
8000,5000,,5000,074
8000,5400,,5400,075
8000,5600,,5600,076
8000,6100,,6100,077
8250,3800,,3800,078
8250,4300,,4300,079
8250,4700,,4700,080
8250,4800,,4800,081
8250,5000,,5000,082
8250,5300,,5300,083
8250,8600,,8600,084
8250,9100,,9100,085
8500,3800,,3800,086
8500,4000,,4000,087
8500,4300,,4300,088
8500,5000,,5000,089
8500,5100,,5100,623
8500,5200,,5200,090
8500,5300,,5300,091
8500,5500,,5500,092
8500,6100,,6100,570
8500,8600,,8600,093
8500,9100,,9100,095
8750,5000,,5000,096
8750,5200,,5200,097
9000,3500,,3500,643
9000,4000,,4000,098
9000,4300,,4300,099
9000,4600,,4600,100
9000,5000,,5000,101
9000,5500,,5500,102
9000,6100,,6100,103
9000,6200,,6200,104
9000,6600,,6600,554
9000,7100,,7100,555
9000,9100,,9100,105
9250,6100,,6100,106
9250,9400,,9400,107
9500,5000,,5000,108
9500,5500,,5500,109
9500,5600,,5600,110
9500,6100,,6100,111
9500,6300,,6300,112
9500,6600,,6600,113
9750,5800,,5800,114
9750,6500,,6500,115
9750,8200,,8200,116
