10000,3200,3200,,,,,6400,796
10000,4000,4000,,,,,8000,814
10500,2800,2800,,,,,5600,009
10500,5500,5500,,,,,11000,731
10750,4000,4000,,,,,8000,010
11000,3300,3300,,,,,6600,011
11000,3400,3400,,,,,6800,808
11000,3500,3500,,,,,7000,694
11000,5500,5500,,,,,11000,485
11250,10100,10100,,,,,20200,012
11500,4000,4000,,,,,8000,013
11500,5000,5000,,,,,10000,014
12000,3600,3600,,,,,7200,724
12000,4000,4000,,,,,8000,015
12000,5000,5000,,,,,10000,711
12000,6000,6000,,,,,12000,486
12000,6800,6800,,,,,13600,545
12000,7100,7100,,,,,14200,666
12250,5000,5000,,,,,10000,563
12250,6200,6200,,,,,12400,661
12250,8100,8100,,,,,16200,016
12500,3300,3300,,,,,6600,017
12500,4000,4000,,,,,8000,018
12500,7100,7100,,,,,14200,019
12500,8500,8500,,,,,17000,500
12750,4200,4200,,,,,8400,020
12750,4500,4500,,,,,9000,826
13000,3000,3000,,,,,6000,021
13000,3600,3600,,,,,7200,022
13000,3700,3700,,,,,7400,024
13000,4000,4000,,,,,8000,025
13000,5000,5000,,,,,10000,026
13000,5200,5200,,,,,10400,027
13000,5500,5500,,,,,11000,783
13000,5600,5600,,,,,11200,634
13250,3700,3700,,,,,7400,028
13250,4500,4500,,,,,9000,649
13500,3700,3700,,,,,7400,029
13500,4000,4000,,,,,8000,030
13500,4500,4500,,,,,9000,031
13500,5000,5000,,,,,10000,710
13500,5500,5500,,,,,11000,733
13500,6700,6700,,,,,13400,752
13750,4000,4000,,,,,8000,032
14000,3000,3000,,,,,6000,033
14000,3300,3300,,,,,6600,034
14000,3500,3500,,,,,7000,035
14000,3700,3700,,,,,7400,036
14000,4000,4000,,,,,8000,037
14000,4500,4500,,,,,9000,038
14000,5000,5000,,,,,10000,669
14000,6000,6000,,,,,12000,607
14000,6100,6100,,,,,12200,633
14000,7000,7000,,,,,14000,652
14250,4700,4700,,,,,9400,039
14500,4300,4300,,,,,8600,133
14500,4400,4400,,,,,8800,040
14500,4500,4500,,,,,9000,041
14750,9100,9100,,,,,18200,042
15000,4600,4600,,,,,9200,043
15000,5000,5000,,,,,10000,564
15000,5400,5400,,,,,10800,044
15000,7100,7100,,,,,14200,608
15250,5000,5000,,,,,10000,045
15250,6600,6600,,,,,13200,046
15500,6500,6500,,,,,13000,565
15750,4500,4500,,,,,9000,047
15750,5000,5000,,,,,10000,048
15750,5200,5200,,,,,10400,049
15750,6100,6100,,,,,12200,050
16000,4100,4100,,,,,8200,758
16000,4500,4500,,,,,9000,510
16000,4600,4600,,,,,9200,487
16000,5000,5000,,,,,10000,051
16000,5500,5500,,,,,11000,532
16000,5800,5800,,,,,11600,533
16000,6700,6700,,,,,13400,738
16000,8000,8000,,,,,16000,676
16000,8100,8100,,,,,16200,683
16000,9500,9500,,,,,19000,052
16250,4300,4300,,,,,8600,053
16250,4800,4800,,,,,9600,054
16250,5000,5000,,,,,10000,055
16250,6800,6800,,,,,13600,056
16250,7600,7600,,,,,15200,635
16250,8100,8100,,,,,16200,057
16250,8600,8600,,,,,17200,566
16250,9100,9100,,,,,18200,546
16250,9400,9400,,,,,18800,058
16250,9500,9500,,,,,19000,059
16750,3800,3800,,,,,7600,060
16750,4800,4800,,,,,9600,488
16750,5000,5000,,,,,10000,061
16750,5200,5200,,,,,10400,062
16750,5900,5900,,,,,11800,609
17000,5000,5000,,,,,10000,063
17000,6100,6100,,,,,12200,064
17000,8500,8500,,,,,17000,567
17250,10000,10000,,,,,20000,568
17250,4000,4000,,,,,8000,065
17250,5300,5300,,,,,10600,066
17250,5600,5600,,,,,11200,610
17250,7100,7100,,,,,14200,067
17250,8100,8100,,,,,16200,068
17500,5900,5900,,,,,11800,069
17500,6100,6100,,,,,12200,070
17750,4500,4500,,,,,9000,071
17750,4800,4800,,,,,9600,072
17750,6100,6100,,,,,12200,073
17750,8100,8100,,,,,16200,074
18000,10000,10000,,,,,20000,739
18000,5400,5400,,,,,10800,673
18000,6000,6000,,,,,12000,547
18000,7500,7500,,,,,15000,734
18000,9000,9000,,,,,18000,685
18250,4800,4800,,,,,9600,075
18250,5000,5000,,,,,10000,076
18250,5300,5300,,,,,10600,077
18250,6000,6000,,,,,12000,078
18250,6100,6100,,,,,12200,079
18250,6300,6300,,,,,12600,080
18250,6600,6600,,,,,13200,081
18250,7100,7100,,,,,14200,082
18400,7700,7700,,,,,15400,713
18500,4500,4500,,,,,9000,083
18500,5500,5500,,,,,11000,084
18500,5600,5600,,,,,11200,085
18500,5800,5800,,,,,11600,086
18500,6200,6200,,,,,12400,087
18500,6600,6600,,,,,13200,088
18500,9100,9100,,,,,18200,089
18750,10100,10100,,,,,20200,091
18750,6100,6100,,,,,12200,511
18750,8100,8100,,,,,16200,090
19000,5000,5000,,,,,10000,138
19000,6100,6100,,,,,12200,092
19000,6200,6200,,,,,12400,093
19000,6500,6500,,,,,13000,094
19000,6600,6600,,,,,13200,095
19000,6700,6700,,,,,13400,096
19000,7600,7600,,,,,15200,656
19000,9000,9000,,,,,18000,854
19000,9100,9100,,,,,18200,868
19250,10100,10100,,,,,20200,103
19250,5000,5000,,,,,10000,097
19250,5800,5800,,,,,11600,098
19250,6000,6000,,,,,12000,534
19250,6100,6100,,,,,12200,512
19250,6300,6300,,,,,12600,099
19250,6400,6400,,,,,12800,100
19250,6600,6600,,,,,13200,535
19250,7100,7100,,,,,14200,101
19250,8100,8100,,,,,16200,102
19500,4600,4600,,,,,9200,104
19500,5800,5800,,,,,11600,105
19500,6100,6100,,,,,12200,106
19500,6200,6200,,,,,12400,107
19500,6300,6300,,,,,12600,108
19500,6400,6400,,,,,12800,109
19500,6500,6500,,,,,13000,110
19500,6600,6600,,,,,13200,111
19500,8100,8100,,,,,16200,112
19500,9000,9000,,,,,18000,489
19750,5500,5500,,,,,11000,113
19750,5800,5800,,,,,11600,114
19750,6100,6100,,,,,12200,116
19750,6300,6300,,,,,12600,117
19750,6600,6600,,,,,13200,118
19750,7100,7100,,,,,14200,119
19750,8100,8100,,,,,16200,121
19750,9100,5000,,,,,14100,120
2000,600,600,,,,,1200,507
20000,5000,5000,,,,,10000,678
20000,5100,5100,,,,,10200,679
20000,5400,5400,,,,,10800,639
20000,5800,5800,,,,,11600,122
20000,6000,6000,,,,,12000,123
20000,6400,6400,,,,,12800,124
20000,6500,6500,,,,,13000,125
20000,6700,6700,,,,,13400,126
20000,7100,7100,,,,,14200,127
20000,7500,7500,,,,,15000,128
20000,8000,8000,,,,,16000,145
20000,8500,8500,,,,,17000,735
20000,9000,9000,,,,,18000,704
20250,10100,10100,,,,,20200,141
20250,5600,5600,,,,,11200,129
20250,5900,9100,,,,,15000,135
20250,6100,6100,,,,,12200,130
20250,6400,6400,,,,,12800,131
20250,6800,6800,,,,,13600,132
20250,7100,7100,,,,,14200,134
20250,7200,7200,,,,,14400,536
20250,7600,7600,,,,,15200,136
20250,8100,8100,,,,,16200,137
20250,8600,8600,,,,,17200,139
20250,9100,9100,,,,,18200,140
20500,11100,11100,,,,,22200,149
20500,5500,5500,,,,,11000,513
20500,6000,6000,,,,,12000,142
20500,6300,6300,,,,,12600,143
20500,6800,6800,,,,,13600,144
20500,7100,7100,,,,,14200,146
20500,8100,8100,,,,,16200,147
20500,8400,8400,,,,,16800,805
20500,9100,9100,,,,,18200,148
20750,10100,10100,,,,,20200,159
20750,5400,5400,,,,,10800,611
20750,6100,6100,,,,,12200,150
20750,6300,6300,,,,,12600,151
20750,6400,6400,,,,,12800,737
20750,6500,6500,,,,,13000,152
20750,6600,6600,,,,,13200,153
20750,6800,6800,,,,,13600,154
20750,6900,6900,,,,,13800,155
20750,7000,7000,,,,,14000,156
20750,7100,7100,,,,,14200,157
20750,8100,8100,,,,,16200,158
20750,8200,8200,,,,,16400,815
21000,5000,5000,,,,,10000,647
21000,5400,5400,,,,,10800,813
21000,6100,6100,,,,,12200,160
21000,6500,6500,,,,,13000,161
21000,6800,6800,,,,,13600,569
21000,7000,7000,,,,,14000,162
21000,7100,7100,,,,,14200,163
21000,7500,7500,,,,,15000,514
21000,8000,8000,,,,,16000,570
21000,8200,8200,,,,,16400,762
21000,8700,8700,,,,,17400,744
21000,9000,9000,,,,,18000,709
21000,9100,9100,,,,,18200,164
21250,5500,5500,,,,,11000,571
21250,6000,6000,,,,,12000,165
21250,6300,6300,,,,,12600,166
21250,6600,6600,,,,,13200,167
21250,7100,7100,,,,,14200,168
21250,7600,7600,,,,,15200,169
21250,8000,8000,,,,,16000,612
21250,8100,8100,,,,,16200,170
21250,8300,8300,,,,,16600,171
21250,8600,8600,,,,,17200,172
21250,9100,9100,,,,,18200,173
21250,9400,9400,,,,,18800,572
21500,12200,12200,,,,,24400,179
21500,6000,6000,,,,,12000,174
21500,6100,6100,,,,,12200,175
21500,6200,6200,,,,,12400,573
21500,6800,6800,,,,,13600,176
21500,7100,7100,,,,,14200,177
21500,7200,7200,,,,,14400,178
21500,7600,7600,,,,,15200,490
21500,8400,8400,,,,,16800,574
21500,9100,9100,,,,,18200,620
21750,6100,6100,,,,,12200,180
21750,6200,6200,,,,,12400,491
21750,6600,6600,,,,,13200,181
21750,6800,6800,,,,,13600,182
21750,7100,7100,,,,,14200,183
21750,7200,7200,,,,,14400,184
21750,7300,7300,,,,,14600,185
21750,7600,7600,,,,,15200,548
21750,8100,8100,,,,,16200,575
21750,9100,9100,,,,,18200,613
22000,10200,10200,,,,,20400,537
22000,10900,10900,,,,,21800,871
22000,6000,6000,,,,,12000,270
22000,6100,6100,,,,,12200,186
22000,6500,6500,,,,,13000,715
22000,6800,6800,,,,,13600,187
22000,7000,7000,,,,,14000,188
22000,7100,7100,,,,,14200,189
22000,7300,7300,,,,,14600,190
22000,7500,7500,,,,,15000,867
22000,8000,8000,,,,,16000,614
22000,8100,8100,,,,,16200,515
22000,8200,8200,,,,,16400,742
22000,9000,9000,,,,,18000,549
22250,10100,10100,,,,,20200,579
22250,6000,6000,,,,,12000,576
22250,6100,6100,,,,,12200,191
22250,6200,6200,,,,,12400,761
22250,6500,6500,,,,,13000,192
22250,6600,6600,,,,,13200,193
22250,7100,7100,,,,,14200,194
22250,7600,7600,,,,,15200,195
22250,8000,8000,,,,,16000,196
22250,8100,8100,,,,,16200,197
22250,8200,8200,,,,,16400,577
22250,8600,8600,,,,,17200,578
22250,9100,9100,,,,,18200,198
22400,6200,6200,,,,,12400,726
2250,600,600,,,,,1200,001
2250,900,900,,,,,1800,508
22500,10100,10100,,,,,20200,538
22500,6300,6300,,,,,12600,665
22500,6500,6500,,,,,13000,199
22500,7300,7300,,,,,14600,841
22500,7600,7600,,,,,15200,200
22500,8000,8000,,,,,16000,516
22500,9100,9100,,,,,18200,201
22750,6200,6200,,,,,12400,659
22750,6600,6600,,,,,13200,539
22750,6800,6800,,,,,13600,580
22750,7300,7300,,,,,14600,202
22750,7600,7600,,,,,15200,203
22750,8100,8100,,,,,16200,581
22750,8700,8700,,,,,17400,582
22750,9100,9100,,,,,18200,628
23000,6000,6000,,,,,12000,754
23000,6300,6300,,,,,12600,517
23000,6500,6500,,,,,13000,204
23000,6600,6600,,,,,13200,824
23000,7500,7500,,,,,15000,205
23000,7800,7800,,,,,15600,206
23000,8000,8000,,,,,16000,629
23000,8100,8100,,,,,16200,207
23000,8200,8200,,,,,16400,817
23000,8500,8500,,,,,17000,208
23250,6600,6600,,,,,13200,209
23250,6800,6800,,,,,13600,626
23250,7500,7500,,,,,15000,210
23250,7600,7600,,,,,15200,211
23250,8100,8100,,,,,16200,212
23250,8400,8400,,,,,16800,213
23250,8600,8600,,,,,17200,540
23250,8700,8700,,,,,17400,214
23250,9100,9100,,,,,18200,215
23500,10100,10100,,,,,20200,219
23500,6600,6600,,,,,13200,785
23500,7100,7100,,,,,14200,216
23500,7500,7500,,,,,15000,217
23500,8100,8100,,,,,16200,583
23500,8600,9100,,,,,17700,218
23500,9000,9000,,,,,18000,492
23750,10100,10100,,,,,20200,225
23750,6500,6500,,,,,13000,732
23750,7100,7100,,,,,14200,220
23750,7600,7600,,,,,15200,221
23750,7800,7800,,,,,15600,222
23750,8100,8100,,,,,16200,223
23750,9100,9100,,,,,18200,224
24000,6000,6000,,,,,12000,707
24000,7000,7000,,,,,14000,668
24000,7200,7200,,,,,14400,615
24000,8000,8000,,,,,16000,550
24000,8100,8100,,,,,16200,226
24000,8200,8200,,,,,16400,684
24000,8300,8300,,,,,16600,696
24000,8600,9100,,,,,17700,227
24000,9000,9000,,,,,18000,788
24000,9100,9100,,,,,18200,228
24000,9400,9400,,,,,18800,551
24250,10100,10100,,,,,20200,240
24250,10600,10600,,,,,21200,241
24250,12200,12200,,,,,24400,242
24250,6100,6100,,,,,12200,229
24250,6300,6300,,,,,12600,230
24250,7100,7100,,,,,14200,231
24250,7500,7500,,,,,15000,552
24250,7600,7600,,,,,15200,232
24250,8000,8000,,,,,16000,670
24250,8100,8100,,,,,16200,233
24250,8300,8300,,,,,16600,584
24250,8500,8500,,,,,17000,585
24250,8600,8600,,,,,17200,234
24250,8700,8700,,,,,17400,235
24250,9000,9000,,,,,18000,586
24250,9100,9100,,,,,18200,237
24250,9400,9400,,,,,18800,238
24250,9600,9600,,,,,19200,239
24500,10100,10100,,,,,20200,623
24500,6000,6000,,,,,12000,820
24500,6300,6300,,,,,12600,675
24500,7000,7000,,,,,14000,819
24500,7100,7100,,,,,14200,645
24500,7300,7300,,,,,14600,650
24500,7400,7400,,,,,14800,653
24500,7500,7500,,,,,15000,243
24500,8100,8100,,,,,16200,244
24500,8200,8200,,,,,16400,792
24500,8600,8600,,,,,17200,245
24500,9100,9100,,,,,18200,246
24750,10100,10100,,,,,20200,493
24750,7600,7600,,,,,15200,247
24750,8100,8100,,,,,16200,248
24750,8200,8200,,,,,16400,249
24750,8700,8700,,,,,17400,250
24750,9100,9100,,,,,18200,251
24750,9600,9600,,,,,19200,660
25000,10000,10000,,,,,20000,587
25000,6500,6500,,,,,13000,494
25000,7000,7000,,,,,14000,825
25000,7500,7500,,,,,15000,622
25000,7600,7600,,,,,15200,252
25000,7800,7800,,,,,15600,253
25000,8000,8000,,,,,16000,518
25000,8100,8100,,,,,16200,254
25000,8500,8500,,,,,17000,255
25000,9000,9000,,,,,18000,763
25000,9100,9100,,,,,18200,256
25000,9400,9400,,,,,18800,257
25250,10100,10100,,,,,20200,262
25250,5400,5400,,,,,10800,839
25250,7600,7600,,,,,15200,258
25250,8000,8000,,,,,16000,281
25250,8100,8100,,,,,16200,259
25250,8400,8400,,,,,16800,260
25250,9100,9100,,,,,18200,261
25250,9600,9600,,,,,19200,616
25500,10100,10100,,,,,20200,519
25500,10500,10500,,,,,21000,588
25500,11000,11000,,,,,22000,746
25500,6300,6300,,,,,12600,640
25500,7500,7500,,,,,15000,680
25500,8000,8000,,,,,16000,331
25500,8100,8100,,,,,16200,263
25500,8400,8400,,,,,16800,264
25500,8600,8600,,,,,17200,265
25500,9100,9100,,,,,18200,553
25750,10100,10100,,,,,20200,269
25750,8100,8100,,,,,16200,266
25750,8200,8200,,,,,16400,495
25750,8700,8700,,,,,17400,267
25750,9000,9000,,,,,18000,831
25750,9100,9100,,,,,18200,268
26000,10000,10000,,,,,20000,630
26000,10100,10100,,,,,20200,279
26000,7000,7000,,,,,14000,778
26000,7500,7500,,,,,15000,850
26000,8000,8000,,,,,16000,271
26000,8200,8200,,,,,16400,272
26000,8300,8300,,,,,16600,273
26000,8500,8500,,,,,17000,274
26000,8600,8600,,,,,17200,275
26000,9000,9000,,,,,18000,276
26000,9100,9100,,,,,18200,277
26000,9400,9400,,,,,18800,278
26250,10100,10100,,,,,20200,289
26250,8100,8100,,,,,16200,280
26250,8200,8200,,,,,16400,698
26250,8500,8500,,,,,17000,282
26250,8600,8600,,,,,17200,283
26250,8700,8700,,,,,17400,284
26250,9000,9000,,,,,18000,285
26250,9100,9100,,,,,18200,286
26250,9400,9400,,,,,18800,287
26250,9600,9600,,,,,19200,288
26500,10100,10100,,,,,20200,554
26500,6700,6700,,,,,13400,290
26500,8000,8000,,,,,16000,589
26500,8100,8100,,,,,16200,590
26500,8200,8200,,,,,16400,291
26500,8300,8300,,,,,16600,837
26500,8500,8500,,,,,17000,292
26500,8600,8600,,,,,17200,293
26500,9000,9000,,,,,18000,793
26500,9100,9100,,,,,18200,294
26750,10100,10100,,,,,20200,301
26750,12700,12700,,,,,25400,302
26750,8100,8100,,,,,16200,295
26750,8200,8200,,,,,16400,756
26750,8400,8400,,,,,16800,296
26750,8500,8500,,,,,17000,297
26750,8600,8600,,,,,17200,298
26750,8700,8700,,,,,17400,555
26750,9100,9100,,,,,18200,299
26750,9400,9400,,,,,18800,300
26750,9600,9600,,,,,19200,591
27000,10000,10000,,,,,20000,310
27000,10100,10100,,,,,20200,311
27000,7500,7500,,,,,15000,303
27000,8000,8000,,,,,16000,520
27000,8200,8200,,,,,16400,795
27000,8500,8500,,,,,17000,304
27000,8600,8600,,,,,17200,305
27000,8700,8700,,,,,17400,306
27000,8800,8800,,,,,17600,307
27000,9000,9000,,,,,18000,828
27000,9100,9100,,,,,18200,308
27000,9400,9400,,,,,18800,309
27250,10000,10000,,,,,20000,521
27250,10100,10100,,,,,20200,322
27250,10600,10600,,,,,21200,323
27250,6100,6100,,,,,12200,312
27250,7600,7600,,,,,15200,313
27250,8000,8000,,,,,16000,849
27250,8100,8100,,,,,16200,314
27250,8200,8200,,,,,16400,811
27250,8400,8400,,,,,16800,315
27250,8500,8500,,,,,17000,316
27250,8600,8600,,,,,17200,317
27250,8800,8800,,,,,17600,318
27250,9000,9000,,,,,18000,663
27250,9100,9100,,,,,18200,319
27250,9400,9400,,,,,18800,320
27250,9600,9600,,,,,19200,321
27500,10000,10000,,,,,20000,541
27500,10100,10100,,,,,20200,330
27500,7100,7100,,,,,14200,324
27500,8100,8100,,,,,16200,325
27500,8600,8600,,,,,17200,326
27500,8900,8900,,,,,17800,617
27500,9000,9000,,,,,18000,522
27500,9100,9100,,,,,18200,327
27500,9400,9400,,,,,18800,328
27500,9600,9600,,,,,19200,329
27750,10100,10100,,,,,20200,338
27750,8100,8100,,,,,16200,332
27750,8200,8200,,,,,16400,333
27750,8500,8500,,,,,17000,766
27750,9000,9000,,,,,18000,334
27750,9100,9100,,,,,18200,335
27750,9400,9400,,,,,18800,336
27750,9600,9600,,,,,19200,337
28000,10000,10000,,,,,20000,592
28000,10100,10100,,,,,20200,342
28000,6600,6600,,,,,13200,791
28000,8000,8000,,,,,16000,475
28000,8100,8100,,,,,16200,682
28000,8200,8200,,,,,16400,703
28000,8500,8500,,,,,17000,664
28000,9000,9000,,,,,18000,339
28000,9100,9100,,,,,18200,340
28000,9200,9200,,,,,18400,799
28000,9400,9400,,,,,18800,341
28250,10100,10100,,,,,20200,347
28250,8100,8100,,,,,16200,343
28250,8200,8200,,,,,16400,775
28250,9000,9000,,,,,18000,695
28250,9100,9100,,,,,18200,344
28250,9400,9400,,,,,18800,345
28250,9600,9600,,,,,19200,346
28500,10000,10000,,,,,20000,865
28500,10100,10100,,,,,20200,351
28500,8000,8000,,,,,16000,765
28500,8200,8200,,,,,16400,730
28500,8500,8500,,,,,17000,862
28500,9000,9000,,,,,18000,671
28500,9100,9100,,,,,18200,496
28500,9200,9200,,,,,18400,476
28500,9400,9400,,,,,18800,348
28500,9500,9500,,,,,19000,349
28500,9600,9600,,,,,19200,350
28750,10000,10000,,,,,20000,657
28750,10100,10100,,,,,20200,355
28750,9000,9000,,,,,18000,636
28750,9100,9100,,,,,18200,352
28750,9400,9400,,,,,18800,353
28750,9600,9600,,,,,19200,354
29000,10000,10000,,,,,20000,358
29000,10100,10100,,,,,20200,359
29000,7000,7000,,,,,14000,800
29000,7200,7200,,,,,14400,874
29000,7500,7500,,,,,15000,870
29000,8000,8000,,,,,16000,797
29000,8100,8100,,,,,16200,556
29000,8200,8200,,,,,16400,807
29000,8500,8500,,,,,17000,356
29000,9000,9000,,,,,18000,593
29000,9100,9100,,,,,18200,557
29000,9400,9400,,,,,18800,658
29000,9500,9500,,,,,19000,497
29000,9600,9600,,,,,19200,357
29250,10100,10100,,,,,20200,363
29250,10500,10500,,,,,21000,641
29250,8700,8700,,,,,17400,558
29250,9100,9100,,,,,18200,360
29250,9400,9400,,,,,18800,361
29250,9600,9600,,,,,19200,362
29500,10000,10000,,,,,20000,368
29500,10100,10100,,,,,20200,369
29500,11000,11000,,,,,22000,370
29500,8200,8200,,,,,16400,743
29500,8700,8700,,,,,17400,364
29500,9000,9000,,,,,18000,594
29500,9100,9100,,,,,18200,365
29500,9300,9300,,,,,18600,631
29500,9400,9400,,,,,18800,366
29500,9600,9600,,,,,19200,367
29750,10000,10000,,,,,20000,477
29750,10100,10100,,,,,20200,373
29750,11000,11000,,,,,22000,644
29750,9000,9000,,,,,18000,851
29750,9100,9100,,,,,18200,371
29750,9400,9400,,,,,18800,372
29750,9600,9600,,,,,19200,498
3000,2000,2000,,,,,4000,727
30000,10000,10000,,,,,20000,377
30000,10100,10100,,,,,20200,378
30000,10500,10500,,,,,21000,818
30000,11400,11400,,,,,22800,853
30000,7500,7500,,,,,15000,866
30000,7600,7600,,,,,15200,840
30000,8000,8000,,,,,16000,687
30000,8200,8200,,,,,16400,787
30000,9000,9000,,,,,18000,692
30000,9100,9100,,,,,18200,374
30000,9200,9200,,,,,18400,595
30000,9400,9400,,,,,18800,375
30000,9500,9500,,,,,19000,376
30250,10100,10100,,,,,20200,381
30250,8100,8100,,,,,16200,764
30250,8200,8200,,,,,16400,706
30250,9100,9100,,,,,18200,379
30250,9400,9400,,,,,18800,380
30250,9600,9600,,,,,19200,542
30500,10000,10000,,,,,20000,559
30500,10100,10100,,,,,20200,384
30500,10300,10300,,,,,20600,790
30500,6200,6200,,,,,12400,736
30500,8000,8000,,,,,16000,829
30500,9000,9000,,,,,18000,621
30500,9050,9050,,,,,18100,677
30500,9100,9100,,,,,18200,499
30500,9400,9400,,,,,18800,382
30500,9600,9600,,,,,19200,383
30750,10100,10100,,,,,20200,387
30750,8300,8300,,,,,16600,543
30750,9000,9000,,,,,18000,802
30750,9400,9400,,,,,18800,385
30750,9600,9600,,,,,19200,386
31000,10000,10000,,,,,20000,544
31000,10100,10100,,,,,20200,391
31000,12000,12000,,,,,24000,392
31000,8000,8000,,,,,16000,723
31000,8200,8200,,,,,16400,810
31000,9000,9000,,,,,18000,686
31000,9100,9100,,,,,18200,478
31000,9200,9200,,,,,18400,662
31000,9400,9400,,,,,18800,388
31000,9500,9500,,,,,19000,389
31000,9600,9600,,,,,19200,390
31250,10100,10100,,,,,20200,394
31250,8200,8200,,,,,16400,838
31250,8500,8500,,,,,17000,506
31250,9000,9000,,,,,18000,767
31250,9100,9100,,,,,18200,596
31250,9400,9400,,,,,18800,393
31250,9600,9600,,,,,19200,597
31250,9700,9700,,,,,19400,875
31500,10000,10000,,,,,20000,398
31500,10100,10100,,,,,20200,399
31500,10500,10500,,,,,21000,637
31500,8000,9000,,,,,17000,846
31500,8300,8300,,,,,16600,618
31500,9000,9000,,,,,18000,812
31500,9100,9100,,,,,18200,395
31500,9400,9400,,,,,18800,396
31500,9600,9600,,,,,19200,397
31750,10100,10100,,,,,20200,402
31750,8300,8300,,,,,16600,598
31750,9400,9400,,,,,18800,400
31750,9600,9600,,,,,19200,401
32000,10000,10000,,,,,20000,409
32000,10100,10100,,,,,20200,410
32000,10500,10500,,,,,21000,501
32000,11000,11000,,,,,22000,411
32000,11100,11100,,,,,22200,523
32000,12500,12500,,,,,25000,646
32000,8000,8000,,,,,16000,403
32000,8300,8300,,,,,16600,404
32000,8600,8600,,,,,17200,405
32000,9000,9000,,,,,18000,689
32000,9100,9100,,,,,18200,406
32000,9400,9400,,,,,18800,407
32000,9600,9600,,,,,19200,408
32250,10100,10100,,,,,20200,416
32250,8300,8300,,,,,16600,479
32250,8500,8500,,,,,17000,412
32250,9000,9000,,,,,18000,873
32250,9100,9100,,,,,18200,413
32250,9400,9400,,,,,18800,414
32250,9600,9600,,,,,19200,415
32500,10000,10000,,,,,20000,419
32500,10100,10100,,,,,20200,420
32500,10600,10600,,,,,21200,421
32500,11000,11000,,,,,22000,422
32500,12700,12700,,,,,25400,423
32500,8000,9000,,,,,17000,847
32500,9000,9000,,,,,18000,627
32500,9100,9100,,,,,18200,417
32500,9400,9400,,,,,18800,418
32500,9600,9600,,,,,19200,502
32600,10300,10300,,,,,20600,729
32750,10100,10100,,,,,20200,425
32750,11000,11000,,,,,22000,426
32750,9000,9000,,,,,18000,780
32750,9400,9400,,,,,18800,424
33000,10000,10000,,,,,20000,481
33000,10100,10100,,,,,20200,429
33000,10300,10300,,,,,20600,638
33000,10500,10500,,,,,21000,757
33000,10800,10800,,,,,21600,430
33000,11000,11000,,,,,22000,431
33000,11100,11100,,,,,22200,432
33000,12000,12000,,,,,24000,798
33000,8000,8000,,,,,16000,782
33000,9000,9000,,,,,18000,480
33000,9100,9100,,,,,18200,427
33000,9400,9400,,,,,18800,428
33000,9600,9600,,,,,19200,503
33250,10000,10000,,,,,20000,599
33250,10100,10100,,,,,20200,435
33250,10200,10200,,,,,20400,690
33250,11000,11000,,,,,22000,600
33250,12000,12000,,,,,24000,859
33250,9400,9400,,,,,18800,433
33250,9600,9600,,,,,19200,434
33500,10000,10000,,,,,20000,858
33500,10100,10100,,,,,20200,436
33500,10300,10300,,,,,20600,784
33500,10500,10500,,,,,21000,771
33500,9000,9000,,,,,18000,504
33500,9400,9400,,,,,18800,482
33500,9500,9500,,,,,19000,505
33750,10100,10100,,,,,20200,438
33750,11000,11000,,,,,22000,439
33750,9400,9400,,,,,18800,437
33750,9600,9600,,,,,19200,524
34000,10000,10000,,,,,20000,440
34000,10100,10100,,,,,20200,441
34000,10500,10500,,,,,21000,525
34000,11000,11000,,,,,22000,672
34000,8000,8000,,,,,16000,728
34000,9000,9000,,,,,18000,697
34000,9400,9400,,,,,18800,619
34000,9500,9500,,,,,19000,601
34250,10100,10100,,,,,20200,442
34500,10000,10000,,,,,20000,603
34500,10100,10100,,,,,20200,443
34500,10500,10500,,,,,21000,604
34500,9100,9100,,,,,18200,602
34500,9400,9400,,,,,18800,624
34750,10000,10000,,,,,20000,605
34750,10100,10100,,,,,20200,444
34750,9000,9000,,,,,18000,856
34750,9400,9400,,,,,18800,526
3500,1000,1000,,,,,2000,023
3500,1800,1800,,,,,3600,747
35000,10000,10000,,,,,20000,445
35000,10100,10100,,,,,20200,446
35000,11000,11000,,,,,22000,745
35000,11500,11500,,,,,23000,447
35000,9000,9000,,,,,18000,674
35000,9500,9500,,,,,19000,861
35250,10100,10100,,,,,20200,448
35500,10000,10000,,,,,20000,483
35500,10100,10100,,,,,20200,449
35500,10500,10500,,,,,21000,450
35500,12000,12000,,,,,24000,848
35500,12200,12200,,,,,24400,451
35750,10100,10100,,,,,20200,527
36000,10000,10000,,,,,20000,452
36000,10100,10100,,,,,20200,453
36000,10800,10800,,,,,21600,454
36000,8000,8000,,,,,16000,714
36000,9000,9000,,,,,18000,741
36000,9400,9400,,,,,18800,528
36500,10100,10100,,,,,20200,456
36500,12200,12200,,,,,24400,648
36500,12250,12250,,,,,24500,655
36500,12700,12700,,,,,25400,457
36500,9100,9100,,,,,18200,455
37000,10000,10000,,,,,20000,458
37000,9000,9000,,,,,18000,774
37000,9500,9500,,,,,19000,872
3750,1500,1500,,,,,3000,772
37500,10100,10100,,,,,20200,459
37500,12700,12700,,,,,25400,460
37500,8000,8000,,,,,16000,702
37750,10800,10800,,,,,21600,461
38000,10000,10000,,,,,20000,462
38000,8800,8800,,,,,17600,632
38000,9000,9000,,,,,18000,809
38250,11100,11100,,,,,22200,463
38500,10000,10000,,,,,20000,773
38500,10100,10100,,,,,20200,464
38500,10300,10300,,,,,20600,834
38500,11600,11600,,,,,23200,465
38500,9600,9600,,,,,19200,484
39000,10100,10100,,,,,20200,466
39000,12000,12000,,,,,24000,467
39000,8500,8500,,,,,17000,750
39000,9000,9000,,,,,18000,705
4000,1600,1600,,,,,3200,002
40000,10000,10000,,,,,20000,769
40000,11000,11000,,,,,22000,529
40000,12000,12000,,,,,24000,855
40500,10100,10100,,,,,20200,468
40500,12200,12200,,,,,24400,606
40500,9000,9000,,,,,18000,748
41000,10000,10000,,,,,20000,804
41000,11600,11600,,,,,23200,864
41000,9000,9000,,,,,18000,832
41250,13000,13000,,,,,26000,469
41500,10100,10100,,,,,20200,470
41500,10300,10300,,,,,20600,860
42000,11000,11000,,,,,22000,530
42000,12000,12000,,,,,24000,789
4250,1300,1300,,,,,2600,779
4250,2100,2100,,,,,4200,003
42500,10000,10000,,,,,20000,844
43000,10000,10000,,,,,20000,821
43000,10300,10300,,,,,20600,830
43250,13000,13000,,,,,26000,471
43500,10300,10300,,,,,20600,869
43750,15200,15200,,,,,30400,642
44250,10700,10700,,,,,21400,833
4500,1300,1300,,,,,2600,651
4500,1800,1800,,,,,3600,700
45000,10000,10000,,,,,20000,876
45000,12000,12000,,,,,24000,806
45000,12600,12600,,,,,25200,835
46500,12000,12000,,,,,24000,827
46750,13000,13000,,,,,26000,472
4700,1800,1800,,,,,3600,531
47000,12000,12000,,,,,24000,823
4750,1700,1700,,,,,3400,794
47500,12500,12500,,,,,25000,643
49000,12000,12000,,,,,24000,473
49500,15300,15300,,,,,30600,474
5000,1200,1200,,,,,2400,115
5000,1300,1300,,,,,2600,004
5000,1700,1700,,,,,3400,701
5000,1800,1800,,,,,3600,857
5000,2200,2200,,,,,4400,816
5250,2000,2000,,,,,4000,005
5250,2800,2800,,,,,5600,509
5500,1700,1700,,,,,3400,625
5500,1800,1800,,,,,3600,693
5500,2100,2100,,,,,4200,753
6000,1700,1700,,,,,3400,725
6000,2100,2100,,,,,4200,836
6000,2300,2300,,,,,4600,740
6000,2500,2500,,,,,5000,717
6000,3100,3100,,,,,6200,560
6250,2200,2200,,,,,4400,759
6250,2300,2300,,,,,4600,699
6250,2500,2500,,,,,5000,786
6500,2200,2200,,,,,4400,801
6500,2500,2500,,,,,5000,777
6500,2600,2600,,,,,5200,561
6500,3000,3000,,,,,6000,776
6700,2900,2900,,,,,5800,708
6750,1700,1700,,,,,3400,843
6750,2600,2600,,,,,5200,822
7000,2300,2300,,,,,4600,768
7400,2500,2500,,,,,5000,716
7500,2000,2000,,,,,4000,562
7500,3000,3000,,,,,6000,236
8000,2300,2300,,,,,4600,681
8000,2500,2500,,,,,5000,852
8000,3000,3000,,,,,6000,770
8000,3200,3200,,,,,6400,863
8000,3300,3300,,,,,6600,842
8000,4000,4000,,,,,8000,667
8200,3200,3200,,,,,6400,712
8500,2500,2500,,,,,5000,006
8500,3000,3000,,,,,6000,749
8500,3500,3500,,,,,7000,691
9000,3000,3000,,,,,6000,007
9000,3200,3200,,,,,6400,718
9000,3500,3500,,,,,7000,008
9500,2600,2600,,,,,5200,781
9500,4300,4300,,,,,8600,760
