11000,3000,3000,3000,,,,9000,633
12000,5000,5000,5000,,,,15000,278
15250,5100,5100,5100,,,,15300,554
16500,5500,5500,5500,,,,16500,220
20500,4000,4000,4000,,,,12000,649
22000,5500,5500,5500,,,,16500,362
22000,6000,6000,6000,,,,18000,523
22500,4200,4200,4200,,,,12600,289
22500,6000,6000,6000,,,,18000,604
23000,3000,3000,3000,,,,9000,682
23000,5000,5000,5000,,,,15000,333
23500,6800,6800,6800,,,,20400,531
24000,6000,6000,6000,,,,18000,475
24000,8000,8000,8000,,,,24000,276
24500,10100,10100,10100,,,,30300,476
25000,5400,5400,5400,,,,16200,660
25000,5500,5500,5500,,,,16500,283
25000,8000,8000,8000,,,,24000,275
25250,5400,5400,5400,,,,16200,355
25250,5500,5500,5500,,,,16500,332
25500,5500,5500,5500,,,,16500,337
25500,8000,8000,8000,,,,24000,256
26000,6000,6000,6000,,,,18000,257
26000,8000,8000,8000,,,,24000,001
26250,5600,5600,5600,,,,16800,477
26250,6100,6100,6100,,,,18300,002
26500,5500,5500,5500,,,,16500,478
26750,6100,6100,6100,,,,18300,003
26750,6300,6300,6300,,,,18900,661
27000,5000,5000,5000,,,,15000,610
27000,6100,6100,6100,,,,18300,479
27000,7900,7900,7900,,,,23700,588
27000,8000,8000,8000,,,,24000,587
27250,6000,6000,6000,,,,18000,004
27250,6100,6100,6100,,,,18300,005
27250,9100,9100,9100,,,,27300,006
27500,6100,6100,6100,,,,18300,007
27500,6300,6300,6300,,,,18900,008
27500,6800,6800,6800,,,,20400,480
27500,7000,7000,7000,,,,21000,009
27500,7100,7100,7100,,,,21300,010
27750,6000,6000,6000,,,,18000,551
27750,6100,6100,6100,,,,18300,011
27750,6600,6600,6600,,,,19800,012
27750,7100,7100,7100,,,,21300,189
27750,8000,8000,8000,,,,24000,537
27750,9100,9100,9100,,,,27300,013
28000,6000,6000,6000,,,,18000,615
28000,6100,6100,6100,,,,18300,014
28000,6600,6600,6600,,,,19800,015
28000,8000,8000,8000,,,,24000,016
28000,9000,9000,9000,,,,27000,667
28250,5400,5400,5400,,,,16200,368
28250,6000,6000,6000,,,,18000,481
28250,6100,6100,6100,,,,18300,017
28250,6300,6300,6300,,,,18900,018
28250,7100,7100,7100,,,,21300,221
28500,6100,6100,6100,,,,18300,195
28500,7100,7100,7100,,,,21300,020
28500,8000,8000,8000,,,,24000,573
28750,7100,7100,7100,,,,21300,248
29000,11000,11000,11000,,,,33000,307
29000,6000,6000,6000,,,,18000,571
29000,6200,6200,6200,,,,18600,576
29000,6300,6300,6300,,,,18900,482
29000,6500,6500,6500,,,,19500,219
29000,7000,7000,7000,,,,21000,673
29000,7500,7500,7500,,,,22500,484
29000,8000,8000,8000,,,,24000,483
29250,6600,6600,6600,,,,19800,019
29250,7100,7100,7100,,,,21300,255
29500,6100,6100,6100,,,,18300,021
29500,7500,7500,7500,,,,22500,485
29500,9100,9100,9100,,,,27300,022
29750,6100,6100,6100,,,,18300,023
29750,6300,6300,6300,,,,18900,314
29750,8500,8500,8500,,,,25500,024
30000,10100,10100,10100,,,,30300,025
30000,6000,6000,6000,,,,18000,513
30000,7100,7100,7100,,,,21300,222
30000,7500,7500,7500,,,,22500,196
30000,8300,8300,8300,,,,24900,527
30250,10100,10100,10100,,,,30300,249
30250,6100,6100,6100,,,,18300,026
30250,6700,6700,6700,,,,20100,300
30250,7000,7000,7000,,,,21000,555
30250,7500,7500,7500,,,,22500,197
30250,8000,8000,8000,,,,24000,486
30250,9500,9500,9500,,,,28500,198
30350,5500,5500,5500,,,,16500,292
30500,6200,6200,6200,,,,18600,632
30500,6600,6600,6600,,,,19800,027
30500,6800,6800,6800,,,,20400,028
30500,7100,7100,7100,,,,21300,223
30500,7500,7500,7500,,,,22500,183
30500,8000,8000,8000,,,,24000,184
30500,9200,9200,9200,,,,27600,677
30750,7100,7100,7100,,,,21300,224
30750,8000,8000,8000,,,,24000,487
30900,6200,6200,6200,,,,18600,291
31000,6700,6700,6700,,,,20100,313
31000,7000,7000,7000,,,,21000,372
31000,7100,7100,7100,,,,21300,029
31000,7500,7500,7500,,,,22500,199
31000,7600,7600,7600,,,,22800,030
31000,8000,8000,8000,,,,24000,185
31000,8200,8200,8200,,,,24600,616
31000,8300,8300,8300,,,,24900,548
31250,6200,9000,6200,,,,21400,335
31250,6700,6700,6700,,,,20100,534
31250,7100,7100,7100,,,,21300,225
31250,7300,7300,7300,,,,21900,562
31250,7600,7600,7600,,,,22800,488
31250,8000,8000,8000,,,,24000,226
31250,8600,8600,8600,,,,25800,684
31500,10100,10100,10100,,,,30300,033
31500,6000,6000,6000,,,,18000,200
31500,7000,7000,7000,,,,21000,320
31500,7100,7100,7100,,,,21300,201
31500,7500,7500,7500,,,,22500,031
31500,8000,8000,8000,,,,24000,186
31500,8100,8100,8100,,,,24300,032
31500,8300,8300,8300,,,,24900,258
31500,8500,8500,8500,,,,25500,524
31500,9000,9000,9000,,,,27000,227
31500,9100,9100,9100,,,,27300,489
31750,6600,6600,6600,,,,19800,340
31750,7100,7100,7100,,,,21300,228
31750,7500,7500,7500,,,,22500,034
31750,8000,8000,8000,,,,24000,035
31750,8300,8300,8300,,,,24900,490
31750,9000,9000,9000,,,,27000,229
32000,10100,10100,10100,,,,30300,187
32000,6000,6000,6000,,,,18000,589
32000,6600,6600,6600,,,,19800,491
32000,6900,6900,6900,,,,20700,557
32000,7000,7000,7000,,,,21000,596
32000,7100,7100,7100,,,,21300,036
32000,7300,7300,7300,,,,21900,037
32000,7500,7500,7500,,,,22500,038
32000,7600,7600,7600,,,,22800,040
32000,8000,8000,8000,,,,24000,041
32000,8300,8300,8300,,,,24900,514
32000,9100,9100,9100,,,,27300,042
32000,9400,9400,9400,,,,28200,492
32250,6400,6400,6400,,,,19200,566
32250,7100,7100,7100,,,,21300,250
32250,7500,7500,7500,,,,22500,493
32250,8100,8100,8100,,,,24300,043
32500,10000,10000,10000,,,,30000,052
32500,10100,10100,10100,,,,30300,515
32500,6100,6100,6100,,,,18300,044
32500,6500,6500,6500,,,,19500,516
32500,7100,7100,7100,,,,21300,045
32500,7500,7500,7500,,,,22500,046
32500,7600,7600,7600,,,,22800,047
32500,8000,8000,8000,,,,24000,048
32500,8100,8100,8100,,,,24300,049
32500,8200,8200,8200,,,,24600,494
32500,8300,8300,8300,,,,24900,495
32500,8500,8500,8500,,,,25500,050
32500,9000,9000,9000,,,,27000,051
32750,7500,7500,7500,,,,22500,053
32750,8100,8100,8100,,,,24300,544
32750,8300,8300,8300,,,,24900,496
33000,10100,10100,10100,,,,30300,204
33000,6000,6000,6000,,,,18000,054
33000,6600,6600,6600,,,,19800,689
33000,7000,7000,7000,,,,21000,374
33000,7500,7500,7500,,,,22500,055
33000,7600,7600,7600,,,,22800,056
33000,8000,8000,8000,,,,24000,057
33000,8100,8100,8100,,,,24300,202
33000,8200,8200,8200,,,,24600,058
33000,8500,8500,8500,,,,25500,203
33000,9000,9000,9000,,,,27000,059
33000,9100,9100,9100,,,,27300,060
33000,9400,9400,9400,,,,28200,525
33250,10100,10100,10100,,,,30300,175
33250,6800,6800,6800,,,,20400,061
33250,7500,7500,7500,,,,22500,230
33250,8000,8000,8000,,,,24000,062
33250,8100,8100,8100,,,,24300,063
33500,10100,10100,10100,,,,30300,231
33500,6100,6100,6100,,,,18300,528
33500,7100,7100,7100,,,,21300,064
33500,7500,7500,7500,,,,22500,065
33500,7600,7600,7600,,,,22800,066
33500,8000,8000,8000,,,,24000,067
33500,8100,8100,8100,,,,24300,068
33500,8300,8300,8300,,,,24900,069
33500,9000,9000,9000,,,,27000,662
33500,9100,9100,9100,,,,27300,070
33750,6300,6300,6300,,,,18900,299
33750,8000,8000,8000,,,,24000,526
33750,8100,8100,8100,,,,24300,497
33750,8200,8200,8200,,,,24600,545
34000,10000,10000,10000,,,,30000,356
34000,10100,10100,10100,,,,30300,077
34000,12000,12000,12000,,,,36000,542
34000,6000,6000,6000,,,,18000,232
34000,6300,6300,6300,,,,18900,309
34000,7500,7500,7500,,,,22500,071
34000,8000,8000,8000,,,,24000,072
34000,8100,8100,8100,,,,24300,073
34000,8200,8200,8200,,,,24600,205
34000,8200,8200,8200,,,,24600,277
34000,8300,8300,8300,,,,24900,074
34000,8400,8400,8400,,,,25200,259
34000,8500,8500,8500,,,,25500,260
34000,9000,9000,9000,,,,27000,233
34000,9100,9100,9100,,,,27300,076
34000,9400,9400,9400,,,,28200,188
34250,8000,8000,8000,,,,24000,078
34250,8100,8100,8100,,,,24300,079
34250,8200,8200,8200,,,,24600,274
34250,9100,9100,9100,,,,27300,080
34300,7000,7000,7000,,,,21000,600
34500,10000,10000,10000,,,,30000,086
34500,10100,10100,10100,,,,30300,087
34500,6200,6200,6200,,,,18600,302
34500,6500,6500,6500,,,,19500,321
34500,7500,7500,7500,,,,22500,081
34500,7600,7600,7600,,,,22800,529
34500,8000,8000,8000,,,,24000,082
34500,8100,8100,8100,,,,24300,083
34500,8200,8200,8200,,,,24600,084
34500,8500,8500,8500,,,,25500,681
34500,9000,9000,9000,,,,27000,538
34500,9100,9100,9100,,,,27300,517
34500,9400,9400,9400,,,,28200,085
34750,6600,6600,6600,,,,19800,668
34750,8100,8100,8100,,,,24300,206
34750,8200,8200,8200,,,,24600,178
35000,10100,10100,10100,,,,30300,209
35000,6200,6200,6200,,,,18600,251
35000,7000,7000,7000,,,,21000,584
35000,7500,7500,7500,,,,22500,088
35000,8000,8000,8000,,,,24000,089
35000,8100,8100,8100,,,,24300,090
35000,8200,8200,8200,,,,24600,207
35000,8500,8500,8500,,,,25500,208
35000,9000,9000,9000,,,,27000,179
35250,8000,8000,8000,,,,24000,091
35250,8100,8100,8100,,,,24300,498
35250,8400,8400,8400,,,,25200,092
35500,10100,10100,10100,,,,30300,532
35500,6800,6800,6800,,,,20400,639
35500,6900,6900,6900,,,,20700,093
35500,7500,7500,7500,,,,22500,094
35500,8000,8000,8000,,,,24000,095
35500,8100,8100,8100,,,,24300,096
35500,8200,8200,8200,,,,24600,097
35500,8300,8300,8300,,,,24900,098
35500,8500,8500,8500,,,,25500,099
35500,9000,9000,9000,,,,27000,363
35500,9400,9400,9400,,,,28200,499
35750,10100,10100,10100,,,,30300,103
35750,8000,8000,8000,,,,24000,101
35750,8100,8100,8100,,,,24300,500
35750,8500,8500,8500,,,,25500,102
36000,10000,10000,10000,,,,30000,210
36000,7000,7000,7000,,,,21000,357
36000,7500,7500,7500,,,,22500,104
36000,7600,7600,7600,,,,22800,105
36000,8000,8000,8000,,,,24000,106
36000,8100,8100,8100,,,,24300,107
36000,8200,8200,8200,,,,24600,108
36000,8300,8300,8300,,,,24900,109
36000,8500,8500,8500,,,,25500,110
36000,8800,8800,8800,,,,26400,111
36000,9000,9000,9000,,,,27000,234
36000,9100,9100,9100,,,,27300,261
36250,8000,8000,8000,,,,24000,273
36250,8100,8100,8100,,,,24300,112
36500,7500,7500,7500,,,,22500,113
36500,8000,8000,8000,,,,24000,114
36500,8100,8100,8100,,,,24300,115
36500,8200,8200,8200,,,,24600,211
36500,8300,8300,8300,,,,24900,190
36500,8500,8500,8500,,,,25500,501
36500,8700,8700,8700,,,,26100,116
36500,9000,9000,9000,,,,27000,559
36500,9100,9100,9100,,,,27300,262
36500,9400,9400,9400,,,,28200,117
36750,7000,7000,7000,,,,21000,678
36750,7600,7600,7600,,,,22800,685
36750,8000,8000,8000,,,,24000,553
36750,8200,8200,8200,,,,24600,235
36750,8500,8500,8500,,,,25500,118
36750,8700,8700,8700,,,,26100,317
36800,9000,9000,9000,,,,27000,281
36800,9100,9100,9100,,,,27300,581
37000,7000,7000,7000,,,,21000,583
37000,7300,7300,7300,,,,21900,530
37000,7500,7500,7500,,,,22500,236
37000,8000,8000,8000,,,,24000,119
37000,8100,8100,8100,,,,24300,120
37000,8200,8200,8200,,,,24600,263
37000,8300,8300,8300,,,,24900,367
37000,8400,8400,8400,,,,25200,560
37000,8500,8500,8500,,,,25500,121
37000,9000,9000,9000,,,,27000,237
37250,8000,8000,8000,,,,24000,191
37250,8200,8200,8200,,,,24600,351
37500,10100,10100,10100,,,,30300,125
37500,10300,10300,10300,,,,30900,680
37500,6600,6600,6600,,,,19800,535
37500,7100,7100,7100,,,,21300,556
37500,7200,7200,7200,,,,21600,533
37500,8000,8000,8000,,,,24000,122
37500,8100,8100,8100,,,,24300,123
37500,8300,8300,8300,,,,24900,518
37500,8500,8500,8500,,,,25500,124
37500,9000,9000,9000,,,,27000,192
37750,8000,8000,8000,,,,24000,593
37750,8100,8100,8100,,,,24000,597
37750,8200,8200,8200,,,,24600,550
37750,9100,9100,9100,,,,27300,502
37900,8000,8000,8000,,,,24000,284
38000,10000,10000,10000,,,,30000,212
38000,10100,10100,10100,,,,30300,213
38000,11000,11000,11000,,,,33000,264
38000,7500,7500,7500,,,,22500,503
38000,8000,8000,8000,,,,24000,126
38000,8100,8100,8100,,,,24300,319
38000,8200,8200,8200,,,,24600,536
38000,8300,8300,8300,,,,24900,603
38000,8500,8500,8500,,,,25500,127
38000,8800,8800,8800,,,,26400,637
38000,9000,9000,9000,,,,27000,238
38000,9400,9400,9400,,,,28200,129
38000,9500,9500,9500,,,,28500,504
38250,8000,8000,8000,,,,24000,505
38250,8300,8300,8300,,,,24900,130
38250,8500,8500,8500,,,,25500,131
38250,8700,8700,8700,,,,26100,132
38250,9400,9400,9400,,,,28200,133
38500,10100,10100,10100,,,,30300,252
38500,8000,8000,8000,,,,24000,134
38500,8100,8100,8100,,,,24300,135
38500,8200,8200,8200,,,,24600,342
38500,8500,8500,8500,,,,25500,193
38500,9000,9000,9000,,,,27000,570
38500,9400,9400,9400,,,,28200,214
38750,10100,10100,10100,,,,30300,137
38750,8000,8000,8000,,,,24000,239
38750,8200,8200,8200,,,,24600,328
38750,9100,9100,9100,,,,27300,136
39000,10000,10000,10000,,,,30000,279
39000,11000,11000,11000,,,,33000,353
39000,11300,11300,11300,,,,33900,293
39000,12500,12500,12500,,,,37500,585
39000,7000,7000,7000,,,,21000,297
39000,8000,8000,8000,,,,24000,138
39000,8100,8100,8100,,,,24300,139
39000,8200,8200,8200,,,,24600,265
39000,8400,8400,8400,,,,25200,552
39000,8500,8500,8500,,,,25500,140
39000,9000,9000,9000,,,,27000,177
39000,9400,9400,9400,,,,28200,519
39000,9500,9500,9500,,,,28500,642
39250,7500,7500,7500,,,,22500,253
39250,8000,8000,8000,,,,24000,141
39250,8400,8400,8400,,,,25200,240
39250,9000,9000,9000,,,,27000,520
39250,9400,9400,9400,,,,28200,215
39500,10000,10000,10000,,,,30000,546
39500,8100,8100,8100,,,,24300,039
39500,8500,8500,8500,,,,25500,282
39500,9000,9000,9000,,,,27000,194
39750,10100,10100,10100,,,,30300,547
39750,8200,8200,8200,,,,24600,359
39750,8300,8300,8300,,,,24900,594
39750,9000,9000,9000,,,,27000,371
39750,9400,9400,9400,,,,28200,142
40000,10000,10000,10000,,,,30000,606
40000,10100,10100,10100,,,,30300,144
40000,11000,11000,11000,,,,33000,338
40000,7400,7400,7400,,,,22200,344
40000,8000,8000,8000,,,,24000,241
40000,8200,8200,8200,,,,24600,315
40000,8500,8500,8500,,,,25500,370
40000,9000,9000,9000,,,,27000,180
40000,9400,9400,9400,,,,28200,143
40250,9000,9000,9000,,,,27000,216
40250,9400,9400,9400,,,,28200,145
40500,10100,10100,10100,,,,30300,146
40500,8500,8500,8500,,,,25500,290
40500,9000,9000,9000,,,,27000,075
40500,9500,9500,9500,,,,28500,506
40750,7600,7600,7600,,,,22800,607
40750,9000,9000,9000,,,,27000,605
41000,10000,10000,10000,,,,30000,358
41000,10100,10100,10100,,,,30300,147
41000,7600,7600,7600,,,,22800,349
41000,8000,8000,8000,,,,24000,306
41000,8300,8300,8300,,,,24900,266
41000,9000,9000,9000,,,,27000,242
41250,8000,8000,8000,,,,24000,507
41250,9000,9000,9000,,,,27000,687
41250,9400,9400,9400,,,,28200,176
41500,10100,10100,10100,,,,30300,509
41500,7900,7900,7900,,,,23700,641
41500,8500,8500,8500,,,,25500,569
41500,9000,9000,9000,,,,27000,508
41750,10000,10000,10000,,,,30000,148
41750,10100,10100,10100,,,,30300,149
42000,10000,10000,10000,,,,30000,151
42000,10100,10100,10100,,,,30300,540
42000,8000,8000,8000,,,,24000,150
42000,9000,9000,9000,,,,27000,181
42250,10100,10100,10100,,,,30300,153
42250,9400,9400,9400,,,,28200,152
42500,10000,10000,10000,,,,30000,627
42500,10100,10100,10100,,,,30300,154
42750,9000,9000,9000,,,,27000,336
43000,10000,10000,10000,,,,30000,244
43000,10300,10300,10300,,,,30900,664
43000,7000,12000,12000,,,,31000,327
43000,7000,7000,7000,,,,21000,155
43000,9000,9000,9000,,,,27000,243
43000,9400,9400,9400,,,,28200,360
43250,10000,10000,10000,,,,30000,156
43250,9000,9000,9000,,,,27000,672
43500,10000,10000,10000,,,,30000,271
43500,10100,10100,10100,,,,30300,245
43500,7500,7500,7500,,,,22500,157
43500,8000,8000,8000,,,,24000,658
43500,8500,8500,8500,,,,25500,683
43500,9500,9500,9500,,,,28500,663
44000,10000,10000,10000,,,,30000,158
44000,10100,10100,10100,,,,30300,510
44000,11000,11000,11000,,,,33000,366
44000,8000,8000,8000,,,,24000,182
44000,8200,8200,8200,,,,24600,311
44000,9000,9000,9000,,,,27000,591
44500,10100,10100,10100,,,,30300,159
44750,10300,10300,10300,,,,30900,669
45000,10000,10000,10000,,,,30000,161
45000,11000,11000,11000,,,,33000,511
45000,12000,12000,12000,,,,36000,247
45000,9000,9000,9000,,,,27000,595
45000,9400,9400,9400,,,,28200,160
45500,10100,10100,10100,,,,30300,162
45500,10500,10500,10500,,,,31500,323
45500,9000,9000,9000,,,,27000,268
45500,9500,9500,9500,,,,28500,350
45750,10100,10100,10100,,,,30300,163
46000,10000,10000,10000,,,,30000,217
46000,11000,11000,11000,,,,33000,326
46000,8500,8500,8500,,,,25500,561
46000,9400,9400,9400,,,,28200,164
46500,9500,9500,9500,,,,28500,565
47000,10000,10000,10000,,,,30000,166
47000,11000,11000,11000,,,,33000,318
47000,9100,9100,9100,,,,27300,165
47500,10000,10000,10000,,,,30000,609
47500,12000,12000,12000,,,,36000,656
48000,10000,10000,10000,,,,30000,167
48000,10200,10200,10200,,,,30600,635
48000,10500,10500,10500,,,,31500,666
48000,11000,11000,11000,,,,33000,622
48000,11200,11200,11200,,,,33600,636
48000,12000,12000,12000,,,,36000,670
48000,9000,9000,9000,,,,27000,331
48000,9400,9400,9400,,,,28200,647
48500,10200,10200,10200,,,,30600,643
48500,12000,12000,12000,,,,36000,652
48500,12500,12500,12500,,,,37500,675
48500,9100,9100,9100,,,,27300,168
48750,10300,10300,10300,,,,30900,369
49000,10000,10000,10000,,,,30000,288
49000,10300,10300,10300,,,,30900,287
49000,11000,11000,11000,,,,33000,305
49500,10500,10500,10500,,,,31500,329
49500,11600,11600,11600,,,,34800,543
49600,11200,11200,11200,,,,33600,598
5000,1000,1000,1000,,,,3000,539
50000,10000,10000,10000,,,,30000,564
50000,10100,10100,10100,,,,30300,267
50000,10400,10400,10400,,,,31200,629
50000,10700,10700,10700,,,,32100,623
50000,12000,12000,12000,,,,36000,361
50250,10000,10000,10000,,,,30000,169
50750,10300,10300,10300,,,,30900,625
51000,10000,10000,10000,,,,30000,626
51000,11000,11000,11000,,,,33000,296
51000,12000,12000,12000,,,,36000,630
51750,11300,11300,11300,,,,33900,322
52000,13000,13000,13000,,,,39000,558
52000,9000,9000,9000,,,,27000,651
52500,10000,10000,10000,,,,30000,614
52750,10300,10300,10300,,,,30900,624
52750,11600,11600,11600,,,,34800,648
53000,10000,10000,10000,,,,30000,512
53000,11000,11000,11000,,,,33000,246
53000,12000,12000,12000,,,,36000,170
53000,9000,9000,9000,,,,27000,272
53000,9100,9100,9100,,,,27300,592
53500,12500,12500,12500,,,,37500,572
53750,10000,10000,10000,,,,30000,638
53750,10300,10300,10300,,,,30900,608
53750,12100,12100,12100,,,,36300,679
54000,12000,12000,12000,,,,36000,339
54500,10500,10500,10500,,,,31500,590
54500,10600,10600,10600,,,,31800,316
54750,10300,10300,10300,,,,30900,644
55000,10000,10000,10000,,,,30000,602
55000,11000,11000,11000,,,,33000,653
55000,12100,12100,12100,,,,36300,310
55000,12500,12500,12500,,,,37500,304
55500,11000,11000,11000,,,,33000,645
55500,12500,12500,12500,,,,37500,325
55750,10000,10000,10000,,,,30000,586
55750,10100,10100,10100,,,,30300,171
55750,10300,10300,10300,,,,30900,634
56000,11000,11000,11000,,,,33000,521
56000,12000,12000,12000,,,,36000,218
56000,12500,12500,12500,,,,37500,100
56500,10500,10500,10500,,,,31500,269
56500,11200,11200,11200,,,,33600,617
57000,10000,10000,10000,,,,30000,522
57000,10100,10100,10100,,,,30300,172
57000,11000,11000,11000,,,,33000,334
57000,12500,12500,12500,,,,37500,568
57000,13000,13000,13000,,,,39000,563
57250,11600,11600,11600,,,,34800,611
57500,12500,12500,12500,,,,37500,674
58000,10000,10000,10000,,,,30000,620
58000,11000,11000,11000,,,,33000,541
58000,12000,12000,12000,,,,36000,676
58000,12500,12500,12500,,,,37500,254
58500,12000,12000,12000,,,,36000,613
58600,11200,11200,11200,,,,33600,303
59000,12000,12000,12000,,,,36000,612
59000,13000,13000,13000,,,,39000,347
59250,12100,12100,12100,,,,36300,301
59500,11500,11500,11500,,,,34500,599
59750,12500,12500,12500,,,,37500,128
59750,13900,13900,13900,,,,41700,352
6000,1900,1900,1900,,,,5700,308
60000,12000,12000,12000,,,,36000,270
60000,12500,12500,12500,,,,37500,659
60500,12500,12500,12500,,,,37500,567
61000,12000,12000,12000,,,,36000,348
62000,10700,10700,10700,,,,32100,688
62000,12000,12000,12000,,,,36000,650
62500,12500,12500,12500,,,,37500,646
63500,10300,10300,10300,,,,30900,654
63600,11200,11200,11200,,,,33600,286
64000,10300,10300,10300,,,,30900,657
66000,12000,12000,12000,,,,36000,341
67000,10300,10300,10300,,,,30900,655
6750,1800,1800,1800,,,,5400,345
67750,12600,12600,12600,,,,37800,640
68600,11200,11200,11200,,,,33600,280
69250,11300,11300,11300,,,,33900,671
71000,12000,12000,12000,,,,36000,619
71500,13900,13900,13900,,,,41700,686
71750,13900,13900,13900,,,,41700,618
72000,14000,14000,14000,,,,42000,354
73000,10100,10100,10100,,,,30300,173
7500,1800,1800,1800,,,,5400,621
8000,1800,1800,1800,,,,5400,365
89000,10100,10100,10100,,,,30300,174
9200,1900,1900,1900,,,,5700,285
9500,2600,2600,2600,,,,7800,364
9600,1500,1500,1500,,,,4500,601
9600,2400,2400,2400,,,,7200,312
