32500,6000,6000,6000,6000,,,24000,001
32500,6100,6100,6100,6100,,,24400,070
34000,7000,7000,7000,7000,,,28000,063
38000,9000,9000,9000,9000,,,36000,025
38500,8100,8100,8100,8100,,,32400,011
39000,6000,6000,6000,6000,,,24000,007
39000,8250,8250,8250,8250,,,33000,030
40000,7000,7000,7000,7000,,,28000,074
40000,8000,8000,8000,8000,,,32000,012
40750,6200,6200,6200,6200,,,24800,054
41000,6000,6000,6000,6000,,,24000,079
42000,8250,8250,8250,8250,,,33000,029
42500,7400,7400,7400,7400,,,29600,115
43000,7000,7000,7000,7000,,,28000,090
44000,6500,6500,6500,6500,,,26000,082
44000,8000,8000,8000,8000,,,32000,038
44000,9000,9000,9000,9000,,,36000,035
45000,8000,8000,8000,8000,,,32000,016
46000,7000,7000,7000,7000,,,28000,037
46000,8000,8000,8000,8000,,,32000,059
47000,8000,8000,8000,8000,,,32000,010
47500,7400,7400,7400,7400,,,29600,061
47500,8000,8000,8000,8000,,,32000,039
48000,10000,10000,10000,10000,,,40000,078
48000,8200,8200,8200,8200,,,32800,065
48000,9000,9000,9000,9000,,,36000,112
48250,7600,7600,7600,7600,,,30400,064
48500,7600,7600,7600,7600,,,30400,067
49000,7000,7000,7000,7000,,,28000,102
49000,8000,8000,8000,8000,,,32000,006
50000,10500,10500,10500,10500,,,42000,052
50000,8000,8000,8000,8000,,,32000,002
50750,10100,10100,10100,10100,,,40400,008
52000,7400,7400,7400,7400,,,29600,083
52000,9000,9000,9000,9000,,,36000,015
52500,10000,10000,10000,10000,,,40000,077
53000,9000,9000,9000,9000,,,36000,017
53000,9500,9500,9500,9500,,,38000,066
53250,7600,7600,7600,7600,,,30400,087
53750,10300,10300,10300,10300,,,41200,093
54000,10000,10000,10000,10000,,,40000,094
54000,9000,9000,9000,9000,,,36000,021
55000,10000,10000,10000,10000,,,40000,020
55000,8000,8000,8000,8000,,,32000,072
55250,7600,7600,7600,7600,,,30400,106
55750,10100,10100,10100,10100,,,40400,009
56000,10000,10000,10000,10000,,,40000,089
57000,10000,10000,10000,10000,,,40000,055
57000,8000,8000,8000,8000,,,32000,080
58000,10000,10000,10000,10000,,,40000,003
58000,11500,11500,11500,11500,,,46000,050
58000,15500,10500,10500,10500,,,47000,045
58000,8000,8000,8000,8000,,,32000,014
58500,10500,10500,10500,10500,,,42000,044
58500,9000,9000,9000,9000,,,36000,043
59000,10300,10300,10300,10300,,,41200,041
59250,10300,10300,10300,10300,,,41200,096
59500,10300,10300,10300,10300,,,41200,104
59500,12000,12000,12000,12000,,,48000,086
60000,10000,10000,10000,10000,,,40000,004
60000,10500,10500,10500,10500,,,42000,051
60500,10500,10500,10500,10500,,,42000,109
60750,10700,10700,10700,10700,,,42800,100
61000,10300,10300,10300,10300,,,41200,085
61250,10800,10800,10800,10800,,,43200,031
62000,10000,10000,10000,10000,,,40000,111
62000,11000,11000,11000,11000,,,44000,058
62750,11200,11200,11200,11200,,,44800,056
63000,10000,10000,10000,10000,,,40000,042
63000,10300,10300,10300,10300,,,41200,108
63000,11300,11300,11300,11300,,,45200,057
63000,12500,12500,12500,12500,,,50000,013
63500,10300,10300,10300,10300,,,41200,097
64000,10000,10000,10000,10000,,,40000,099
64000,10300,10300,10300,10300,,,41200,069
64000,11500,11500,11500,11500,,,46000,060
64000,12000,12000,12000,12000,,,48000,110
65000,10000,10000,10000,10000,,,40000,022
65000,10500,10500,10500,10500,,,42000,032
65000,12000,12000,12000,12000,,,48000,034
65750,10700,10700,10700,10700,,,42800,091
66000,10300,10300,10300,10300,,,41200,092
66000,12000,12000,12000,12000,,,48000,062
66250,10300,10300,10300,10300,,,41200,088
66500,11000,11000,11000,11000,,,44000,113
67000,10300,10300,10300,10300,,,41200,098
67000,11000,11000,11000,11000,,,44000,019
67750,10700,10700,10700,10700,,,42800,084
67750,11200,11200,11200,11200,,,44800,076
68000,10500,10500,10500,10500,,,42000,117
68000,12000,12000,12000,12000,,,48000,028
68000,12500,12500,12500,12500,,,50000,053
68750,11200,11200,11200,11200,,,44800,103
69000,11000,11000,11000,11000,,,44000,024
69000,12000,12000,12000,12000,,,48000,095
69750,11200,11200,11200,11200,,,44800,023
69750,11200,11200,11200,11200,,,44800,027
70000,12500,12500,12500,12500,,,50000,018
70000,12600,12600,12600,12600,,,50400,033
70500,12000,12000,12000,12000,,,48000,101
71000,10300,10300,10300,10300,,,41200,107
71000,12000,12000,12000,12000,,,48000,071
71750,12000,12000,12000,12000,,,48000,075
72000,12000,12000,12000,12000,,,48000,114
73000,12000,12000,12000,12000,,,48000,026
73000,12500,12500,12500,12500,,,50000,068
74000,12000,12000,12000,12000,,,48000,073
75000,12500,12500,12500,12500,,,50000,040
76000,12000,12000,12000,12000,,,48000,081
78000,12000,12000,12000,12000,,,48000,105
80000,12500,12500,12500,12500,,,50000,036
82000,13000,13000,13000,13000,,,52000,005
